1.000000 0.000000 0.000000
-1.000000 0.000000 0.000000
0.000000 1.000000 0.000001
0.000000 -1.000000 0.000001
0.000000 0.000000 1.000000
0.000000 0.000000 -1.000000
0.707107 0.707107 0.000001
0.000000 0.707106 0.707107
0.707107 0.000000 0.707107
0.000000 0.707107 -0.707106
0.707107 0.000000 -0.707107
0.707107 -0.707107 0.000001
0.000000 -0.707106 0.707107
0.000000 -0.707107 -0.707106
-0.707107 0.707107 0.000001
-0.707107 0.000000 0.707107
-0.707107 0.000000 -0.707107
-0.707107 -0.707107 0.000001
0.923880 0.382683 0.000000
0.816496 0.408248 0.408249
0.923880 0.000000 0.382683
0.382683 0.923880 0.000001
0.408248 0.816496 0.408249
0.000000 0.923879 0.382684
0.000000 0.382683 0.923880
0.408248 0.408248 0.816497
0.382683 0.000000 0.923880
0.816497 0.408248 -0.408248
0.923880 0.000000 -0.382683
0.408248 0.816497 -0.408248
0.000000 0.923880 -0.382683
0.000000 0.382684 -0.923879
0.408248 0.408249 -0.816496
0.382683 0.000000 -0.923880
0.923880 -0.382683 0.000000
0.816496 -0.408248 0.408249
0.382683 -0.923880 0.000001
0.408248 -0.816496 0.408249
0.000000 -0.923879 0.382684
0.000000 -0.382683 0.923880
0.408248 -0.408248 0.816497
0.816497 -0.408248 -0.408248
0.408248 -0.816497 -0.408248
0.000000 -0.923880 -0.382683
0.000000 -0.382684 -0.923879
0.408248 -0.408249 -0.816496
-0.923880 0.382683 0.000000
-0.816496 0.408248 0.408249
-0.923880 0.000000 0.382683
-0.382683 0.923880 0.000001
-0.408248 0.816496 0.408249
-0.408248 0.408248 0.816497
-0.382683 0.000000 0.923880
-0.816497 0.408248 -0.408248
-0.923880 0.000000 -0.382683
-0.408248 0.816497 -0.408248
-0.408248 0.408249 -0.816496
-0.382683 0.000000 -0.923880
-0.923880 -0.382683 0.000000
-0.816496 -0.408248 0.408249
-0.382683 -0.923880 0.000001
-0.408248 -0.816496 0.408249
-0.408248 -0.408248 0.816497
-0.816497 -0.408248 -0.408248
-0.408248 -0.816497 -0.408248
-0.408248 -0.408249 -0.816496